%% multipad mapping

%format:
% MultipadPad SAMPICch

%please copy before changing


%mapping for Run704
mapping = [...
    1 1
    2 2;
    3 3;
    4 4;
    5 5;
    6 6;
    7 7;
    8 8;
    9 9;
    10 10;
    11 11;
    12 12;
    13 13;
    14 14;
    15 15;
    16 16;
    17 17;
    18 18;
    19 19;
    20 20;
    21 21;
    22 22;
    23 23;
    24 24;
    25 25;
    26 26;
    27 27;
    28 28;
    29 29;
    30 30;
    31 31;
    32 32;
    33 33;
    34 34;
    35 35;
    36 36;
    37 37;
    38 38;
    39 39;
    40 40;
    41 41;
    42 42;
    43 43;
    44 44;
    45 45;
    46 46;
    47 47;
    48 48;
    49 49;
    50 50;
    51 -1;
    52 -1;
    53 -1;
    54 -1;
    55 -1;
    56 -1;
    57 -1;
    58 -1;
    59 -1;
    60 -1;
    61 -1;
    62 -1;
    63 -1;
    64 -1;
    65 -1;
    66 -1;
    67 -1;
    68 -1;
    69 -1;
    70 -1;
    71 -1;
    72 -1;
    73 -1;
    74 -1;
    75 -1;
    76 -1;
    77 -1;
    78 -1;
    79 -1;
    80 -1;
    81 -1;
    82 -1;
    83 -1;
    84 -1;
    85 -1;
    86 -1;
    87 -1;
    88 -1;
    89 -1;
    90 -1;
    91 -1;
    92 -1;
    93 -1;
    94 -1;
    95 -1;
    96 -1;
    97 -1;
    98 -1;
    99 -1;
    100 -1;
];


%mapping for run 470...

% mapping = [...
%     1 -1;
%     2 -1;
%     3 -1;
%     4 -1;
%     5 -1;
%     6 -1;
%     7 -1;
%     8 -1;
%     9 -1;
%     10 -1;
%     11 -1;
%     12 -1;
%     13 -1;
%     14 -1;
%     15 -1;
%     16 -1;
%     17 -1;
%     18 -1;
%     19 -1;
%     20 -1;
%     21 -1;
%     22 -1;
%     23 -1;
%     24 -1;
%     25 -1;
%     26 -1;
%     27 1;
%     28 2;
%     29 -1;
%     30 -1;
%     31 -1;
%     32 -1;
%     33 -1;
%     34 -1;
%     35 -1;
%     36 -1;
%     37 3;
%     38 4;
%     39 -1;
%     40 -1;
%     41 -1;
%     42 -1;
%     43 -1;
%     44 -1;
%     45 -1;
%     46 -1;
%     47 -1;
%     48 -1;
%     49 -1;
%     50 -1;
%     51 -1;
%     52 -1;
%     53 -1;
%     54 -1;
%     55 -1;
%     56 -1;
%     57 -1;
%     58 -1;
%     59 -1;
%     60 -1;
%     61 -1;
%     62 -1;
%     63 -1;
%     64 -1;
%     65 -1;
%     66 -1;
%     67 -1;
%     68 -1;
%     69 -1;
%     70 -1;
%     71 -1;
%     72 -1;
%     73 -1;
%     74 -1;
%     75 -1;
%     76 -1;
%     77 -1;
%     78 -1;
%     79 -1;
%     80 -1;
%     81 -1;
%     82 -1;
%     83 -1;
%     84 -1;
%     85 -1;
%     86 -1;
%     87 -1;
%     88 -1;
%     89 -1;
%     90 -1;
%     91 -1;
%     92 -1;
%     93 -1;
%     94 -1;
%     95 -1;
%     96 -1;
%     97 -1;
%     98 -1;
%     99 -1;
%     100 -1;
% ];

%mapping May 2022 Run 509...
% mapping = [...
%     1 54;
%     2 53;
%     3 52;
%     4 51;
%     5 50;
%     6 49;
%     7 48;
%     8 47;
%     9 46;
%     10 45;
%     11 44;
%     12 43;
%     13 42;
%     14 41;
%     15 40;
%     16 39;
%     17 38;
%     18 37;
%     19 36;
%     20 35;
%     21 34;
%     22 33;
%     23 32;
%     24 31;
%     25 30;
%     26 29;
%     27 28;
%     28 27;
%     29 26;
%     30 25;
%     31 24;
%     32 23;
%     33 22;
%     34 21;
%     35 20;
%     36 19;
%     37 18;
%     38 17;
%     39 16;
%     40 15;
%     41 14;
%     42 13;
%     43 12;
%     44 11;
%     45 10;
%     46 9;
%     47 8;
%     48 7;
%     49 6;
%     50 5;
%     51 -1;
%     52 -1;
%     53 -1;
%     54 -1;
%     55 -1;
%     56 -1;
%     57 -1;
%     58 -1;
%     59 -1;
%     60 -1;
%     61 -1;
%     62 -1;
%     63 -1;
%     64 -1;
%     65 -1;
%     66 -1;
%     67 -1;
%     68 -1;
%     69 -1;
%     70 -1;
%     71 -1;
%     72 -1;
%     73 -1;
%     74 -1;
%     75 -1;
%     76 -1;
%     77 -1;
%     78 -1;
%     79 -1;
%     80 -1;
%     81 -1;
%     82 -1;
%     83 -1;
%     84 -1;
%     85 -1;
%     86 -1;
%     87 -1;
%     88 -1;
%     89 -1;
%     90 -1;
%     91 -1;
%     92 -1;
%     93 -1;
%     94 -1;
%     95 -1;
%     96 -1;
%     97 -1;
%     98 -1;
%     99 -1;
%     100 -1;
% ];