%% multipad mapping

%format:
% MultipadPad SAMPICch

%please copy before changing

%format
%mmPadNumber SAMPIC channel


mapping = [...
    1 65;
    2 66;
    3 67;
    4 68;
    5 69;
    6 70;
    7 71;
    8 72;
    9 73; 
    10 74;
    11 75;
    12 76 ;
    13 77;
    14 78;
    15 79;
    16 1; 
    17 0;
    18 82;
    19 83;
    20 84;
    21 85;
    22 86;
    23 87;
    24 88;
    25 89;
    26 90;
    27 91;
    28 92;
    29 93;
    30 94;
    31 95;
    32 96;
    33 97;
    34 98;
    35 99;
    36 100;
    37 101];
